feature,count,start,end
0,101,0,100
1,7,101,107
2,561,108,668
3,10,669,678
4,6,679,684
5,1,685,685
6,7,686,692
7,2,693,694
8,15,695,709
