feature,count,start,end
0,168,2913,3080
1,175,3081,3255
2,115,3256,3370
3,43,3371,3413
4,1,3414,3414
5,8,3415,3422
6,103,3423,3525
7,5,3526,3530
8,21,3531,3551
